CACHE type 5 produced by analog 6.0/Unix. Do not modify or delete!
T	0	0	116	47	1	16	126973688
D	25620934	25623733
17792	90	2	2	447
17792	91	2	0	8585651
17792	94	4	0	12645477
17792	99	1	0	4525825
17792	100	2	0	8585651
17792	117	5	4	4528682
17792	118	9	7	9054104
17792	119	13	8	21699507
17792	120	6	2	1764049
17792	126	1	1	476
17792	136	4	2	8586603
17792	137	3	2	4526777
17792	141	6	3	12646905
17792	166	4	2	8586603
17792	168	3	1	476
17792	216	4	2	8586603
17793	8	33	0	2463
17793	62	4	2	8586603
17793	72	3	2	4060302
17794	73	5	5	345
17794	74	2	2	139
1	2	0	0	0	25621964	0	0	25621964	0	0	154	/.well-known/pki-validation/E4C4EA5D98DED4437C7B2D3FB82AE248.txt
1	6	6	0	0	25623733	0	0	25623726	0	0	412	/test.html
1	0	0	1	0	0	25621076	0	0	25621076	0	0	/sakawater
1	2	2	0	2	25621074	0	25621076	25621067	0	25621075	2123	/sakawater/
1	1	0	0	0	25621964	0	0	25621964	0	0	77	/.well-known/pki-validation/8CF126DD08C7D8581D73D8B42EDC183F.txt
1	5	0	0	0	25621964	0	0	25621964	0	0	385	/.well-known/pki-validation/DBD578685F751DB9463595A90ED1BE96.txt
1	1	0	0	0	25621964	0	0	25621964	0	0	64	/.well-known/pki-validation/E3C82F17F6A7BE9B2154B14450F5F1F7.txt
1	1	0	0	0	25621964	0	0	25621964	0	0	64	/.well-known/pki-validation/8506DB865B128235C9441F1102781D58.txt
1	12	12	0	0	25622282	0	0	25621076	0	0	5236	/sakawater/home-2.html
1	1	0	0	0	25621964	0	0	25621964	0	0	64	/.well-known/pki-validation/E046C650BCA57A9C8F6048B162A1D1E5.txt
1	4	0	0	0	25620980	0	0	25620936	0	0	16239304	/sakawater/Home-page_O1_V2.jpg
1	4	0	0	0	25621964	0	0	25621964	0	0	308	/.well-known/pki-validation/BDF0C0CBEB37B93408E448D6B2B418F6.txt
1	3	0	0	0	25621964	0	0	25621964	0	0	231	/.well-known/pki-validation/7BC88FB29C42742EC04AB89DB250BCB4.txt
1	6	0	0	0	25621067	0	0	25620935	0	0	22629125	/sakawater/Home-page_O1_V1.jpg
1	1	0	0	0	25621964	0	0	25621964	0	0	64	/.well-known/pki-validation/15CF27F65216EEE948C51F4724AA4089.txt
1	9	9	0	0	25621076	0	0	25620934	0	0	2322	/
1	11	0	0	0	25622281	0	0	25621076	0	0	36538434	/sakawater/images/Home-page_O1_V2.jpg
1	15	0	0	0	25622233	0	0	25621071	0	0	51548124	/sakawater/images/Home-page_O1_V1.jpg
1	12	0	0	0	25621964	0	0	25621964	0	0	924	/.well-known/pki-validation/348E667F1E32DFAF90FE2B2EA034CABD.txt
1	17	17	0	0	25622233	0	0	25621071	0	0	6073	/sakawater/home-1.html
1	1	1	0	0	25623725	0	0	25623725	0	0	72	/test.html?78.129.208.162
1	1	0	0	0	25621964	0	0	25621964	0	0	64	/.well-known/pki-validation/DD1EC335A324502F82E91B943400D994.txt
1	0	0	0	13	0	0	25623732	0	0	25620952	0	/favicon.ico
1	1	0	0	0	25621964	0	0	25621964	0	0	64	/.well-known/pki-validation/3A05D1785D2EEBB4B17D6D1AE853312B.txt
1	0	0	0	1	0	0	25621313	0	0	25621313	0	/sakawater/home-2/.html
3	1	0	0	0	25621067	0	0	25621067	0	0	4525825	http://projects.webcrayons.com.au/sakawater/
3	0	0	0	3	0	0	25620980	0	0	25620952	0	http://projects.webcrayons.com.au/sakawater/Home-page_O1_V1.jpg
3	1	1	0	2	25621067	0	25621068	25621067	0	25621067	982	http://projects.webcrayons.com.au/
3	11	0	0	2	25622281	0	25622281	25621076	0	25621186	36538434	http://projects.webcrayons.com.au/sakawater/home-2.html
3	15	0	0	3	25622233	0	25621313	25621071	0	25621076	51548124	http://projects.webcrayons.com.au/sakawater/home-1.html
3	0	0	0	3	0	0	25623732	0	0	25623725	0	http://projects.webcrayons.com.au/test.html
4	1	1	0	1	25623728	0	25623728	25623728	0	25623728	67	Mozilla/5.0 (X11; Linux x86_64) AppleWebKit/537.36 (KHTML, like Gecko) Chrome/55.0.2883.87 Safari/537.36
4	2	1	0	1	25622281	0	25622281	25622281	0	25622281	4060302	Mozilla/5.0 (Macintosh; Intel Mac OS X 10_13_6) AppleWebKit/537.36 (KHTML, like Gecko) Chrome/68.0.3440.106 Safari/537.36
4	16	8	0	0	25621563	0	0	25621160	0	0	25760761	Mozilla/5.0 (iPhone; CPU iPhone OS 11_4_1 like Mac OS X) AppleWebKit/605.1.15 (KHTML, like Gecko) Version/11.0 Mobile/15E148 Safari/604.1
4	4	2	0	1	25621186	0	25621186	25621185	0	25621186	8586603	Mozilla/5.0 (Macintosh; Intel Mac OS X 10_13_6) AppleWebKit/605.1.15 (KHTML, like Gecko) Version/11.1.2 Safari/605.1.15
4	4	2	0	0	25622233	0	0	25622232	0	0	8586603	Mozilla/5.0 (Macintosh; Intel Mac OS X 10_13_6) AppleWebKit/605.1.15 (KHTML, like Gecko) Version/12.0 Safari/605.1.15
4	1	1	0	0	25621068	0	0	25621068	0	0	625	Mozilla/5.0 (Windows NT 6.1; WOW64; rv:33.0) Gecko/20100101 Firefox/33.0
4	2	2	0	1	25623733	0	25623732	25623732	0	25623732	139	Mozilla/5.0 (Macintosh; Intel Mac OS X 10_13_0) AppleWebKit/537.36 (KHTML, like Gecko) Chrome/69.0.3497.92 Safari/537.36
4	34	23	1	9	25623728	25621076	25623725	25620934	25621076	25620980	47927394	Mozilla/5.0 (Windows NT 10.0; Win64; x64) AppleWebKit/537.36 (KHTML, like Gecko) Chrome/68.0.3440.106 Safari/537.36
4	1	1	0	0	25622282	0	0	25622282	0	0	0	Mozilla/5.0 (iPhone; CPU iPhone OS 11_0 like Mac OS X) AppleWebKit/604.1.38 (KHTML, like Gecko) Version/11.0 Mobile/15A372 Safari/604.1
4	4	1	0	2	25621075	0	25621076	25620950	0	25620980	13111952	Mozilla/5.0 (Windows NT 10.0; Win64; x64) AppleWebKit/537.36 (KHTML, like Gecko) Chrome/68.0.3440.106 Safari/537.36 OPR/55.0.2994.56
4	13	4	0	1	25621084	0	25620952	25620950	0	25620952	18936303	Mozilla/5.0 (Windows NT 6.1; Win64; x64) AppleWebKit/537.36 (KHTML, like Gecko) Chrome/69.0.3497.92 Safari/537.36
4	33	0	0	0	25621964	0	0	25621964	0	0	2463	COMODO DCV
4	1	1	0	0	25621114	0	0	25621114	0	0	476	WhatsApp/2.18.81 i
5	42	28	1	13	25623733	25621076	25623732	25620934	25621076	25620980	61040028	103.78.149.4
5	1	1	0	0	25621068	0	0	25621068	0	0	625	139.59.42.246
5	16	9	0	2	25622282	0	25622281	25621168	0	25621186	29820587	120.151.222.5
5	4	2	0	0	25621563	0	0	25621563	0	0	8586603	106.204.199.94
5	13	4	0	1	25621084	0	25620952	25620950	0	25620952	18936303	117.197.13.6
5	3	0	0	0	25621964	0	0	25621964	0	0	231	91.199.212.132
5	4	2	0	0	25621160	0	0	25621160	0	0	8586603	14.201.105.117
5	3	1	0	0	25621324	0	0	25621324	0	0	476	114.76.77.194
5	30	0	0	0	25621964	0	0	25621964	0	0	2232	78.129.208.162
z	0	14	11	25622282	0
z	1	2	0	25621084	2
z	2	40	7	25623733	2947
z	3	28	28	25622281	14613
z	4	1	1	25621074	1141
z	6	1	0	25621084	443976
z	7	30	0	25622281	126511009
c	200	100	25623733
c	206	5	25621114
c	301	1	25621076
c	304	11	25622282
c	404	16	25623732
